300534
300507
000597
300304
300381
600585
300376
300004
300086
002127
002285
002668
002340
300400
002296
002421
002801
002362
000970
300398
600782
300021
600512
600159
002062
002829
300500
300133
300230
300562
002836
600415
300005
300189
002456
300356
300426
002291
002472
000012
600703
002294
300062
002389
600383
002695
600575
002537
002052
600153
000627
002380
002480
600316
603766
600064
002569
002217
600844
002277
600133
002018
300226
300325
002524
300125
000939
002308
300317
002065
002438
603021
000159
002596
002620
002384
000540
002783
000815
002793
600291
002271
002100
002007
002399
600449
000900
600280
002202
002361
600495
002428
300054
002385
600593
600795
600118
300403
002375
002192
002290
300379
002476
002161
002425
603007
603009
002149
002349
300033
000788
600667
002047
600777
601996
300502
300273
002216
300352
000925
600256
300213
300008
300377
600199
002069
002293
002433
002086
300003
300515
002306
300018
000589
002157
002249
002187
002410
300080
300079
000885
300074
601222
002251
300007
300422
600327
300041
002226
300466
002102
002769
002239
002148
002131
300063
300035
300194
000563
002169
002250
002558
600284
002261
600329
300465
600175
603601
603528
300104
002276
002141
002090
300077
002281
002123
002206
300019
002478
000671
600568
300429
600289
600858
002436
300549
002185
600215
300531
300339
002315
300012
603077
300115
300002
002619
002292
300543
600596
300001
300022
000969
300285
300487
300073
300014
300546
600828
002429
300520
600337
002247
300017
