000027
000039
000050
000055
000060
000065
000066
000070
000078
000089
000153
000157
000301
000338
000400
000401
000420
000422
000423
000425
000428
000488
000503
000510
000538
000541
000543
000550
000553
000559
000568
000576
000586
000595
000597
000601
000610
000612
000615
000619
000625
000628
000630
000631
000638
000650
000651
000652
000659
000663
000679
000680
000682
000683
000690
000698
000707
000715
000729
000733
000751
000756
000758
000766
000767
000768
000785
000800
000811
000822
000825
000830
000833
000836
000848
000851
000860
000862
000878
000887
000895
000898
000900
000901
000903
000909
000911
000917
000923
000927
000938
000948
000951
000952
000957
000969
000973
000978
000983
000988
000993
002001
002004
002006
002009
002010
002012
002025
002031
002033
002035
002036
002045
002046
002048
002051
002052
002053
002055
002057
002062
002063
002064
002065
002066
002071
002073
002077
002082
002083
002094
002098
002099
002102
002103
002105
002108
002111
002112
002113
002116
002117
002118
002120
002121
002123
002126
002128
002131
002138
002139
002140
002141
002144
002146
002148
002149
002150
002156
002158
002159
002160
002161
002168
002169
002170
002171
002175
002179
002183
002184
002185
002188
002189
002196
002205
002206
002209
002213
002214
002223
002224
002225
002230
002231
002232
002233
002234
002237
002242
002243
002244
002246
002248
002249
002250
002252
002255
002256
002258
002259
002265
002270
002271
002273
002274
002281
002282
002283
002284
002288
002295
002297
002299
002302
002311
002313
002314
002315
002318
002319
002324
002325
002335
002337
002341
002343
002346
002347
002348
002352
002358
002359
002364
002368
002372
002373
002383
002385
002386
002389
002398
002400
002402
002403
002406
002408
002409
002410
002411
002413
002414
002415
002417
002420
002423
002427
002430
002432
002436
002443
002444
002445
002446
002448
002449
002450
002453
002454
002455
002456
002458
002459
002460
002466
002467
002472
002473
002475
002476
002477
002479
002484
002490
002491
002502
002512
002529
002531
002544
002558
002579
002594
002600
002604
002610
002612
002618
002642
002655
002675
002695
002700
300001
300004
300006
300007
300009
300011
300012
300015
300018
300022
300024
300025
300026
300030
300031
300032
300036
300037
300038
300041
300043
300044
300045
300049
300050
300053
300054
300055
300059
300061
300062
300063
300065
300066
300067
300068
300070
300071
300073
300074
300075
300076
300078
300079
300080
300081
300082
300084
300085
300087
300088
300089
300091
300092
300093
300094
300095
300097
300099
300101
300102
300103
300104
300112
300117
300127
300134
300136
300137
300148
300153
300165
300168
300172
300185
300187
300188
300197
300198
300201
300207
300212
300213
300223
300227
300228
300229
300231
300242
300245
300246
300248
300251
300262
300264
300274
300287
300292
300310
300312
300322
300325
300326
300331
300336
300379
300381
300426
300428
300429
300459
300465
300474
300497
300499
300506
300510
300512
600000
600004
600006
600007
600009
600010
600011
600012
600015
600016
600018
600019
600020
600027
600028
600029
600030
600031
600033
600036
600038
600048
600054
600058
600059
600060
600066
600071
600073
600085
600096
600104
600105
600107
600117
600123
600125
600128
600129
600130
600133
600137
600138
600139
600141
600151
600152
600153
600158
600168
600169
600170
600183
600188
600189
600191
600195
600196
600200
600202
600203
600208
600210
600211
600213
600216
600218
600219
600237
600238
600251
600255
600262
600266
600267
600268
600269
600270
600271
600284
600285
600288
600290
600293
600295
600298
600300
600303
600305
600308
600312
600315
600316
600321
600328
600331
600332
600343
600350
600352
600359
600360
600361
600362
600363
600366
600371
600373
600377
600378
600383
600391
600396
600399
600405
600406
600409
600410
600415
600418
600420
600423
600425
600426
600436
600438
600459
600461
600463
600467
600475
600478
600479
600486
600487
600489
600495
600499
600500
600502
600505
600510
600512
600516
600519
600522
600525
600529
600535
600540
600545
600547
600549
600551
600557
600558
600567
600571
600572
600580
600583
600585
600586
600590
600592
600594
600595
600598
600600
600601
600618
600628
600630
600637
600640
600644
600655
600660
600677
600688
600690
600693
600694
600707
600718
600720
600728
600729
600739
600746
600750
600754
600755
600756
600761
600763
600773
600777
600780
600782
600785
600787
600789
600790
600795
600797
600800
600801
600804
600812
600819
600820
600825
600827
600835
600838
600839
600845
600851
600855
600858
600859
600861
600864
600879
600881
600886
600888
600900
600967
600970
600971
600979
600993
600997
601001
601002
601006
601088
601099
601106
601111
601222
601231
601318
601398
601600
601607
601628
601699
601727
601808
601857
601888
601899
601939
601988
601991
601996
601999
603002
603601
000009
000049
000063
000410
000518
000544
000551
000623
000661
000701
000713
000762
000777
000839
000868
000915
000970
000977
000998
002003
002007
002008
002015
002017
002022
002028
002030
002041
002056
002080
002086
002090
002091
002093
002101
002104
002106
002115
002119
002125
002129
002130
002151
002157
002163
002166
002176
002178
002182
002190
002194
002197
002201
002202
002203
002211
002218
002222
002236
002238
002261
002279
002310
002340
002405
002407
002421
002428
002438
300002
300014
300016
300017
300019
300020
300027
300046
300051
300056
300058
300072
300077
300113
600008
600037
600050
600088
600089
600100
600118
600143
600150
600160
600161
600166
600171
600187
600192
600198
600220
600259
600289
600330
600345
600354
600388
600416
600446
600456
600497
600498
600501
600513
600526
600530
600536
600563
600570
600584
600686
600703
600764
600765
600770
600776
600796
600815
600831
600841
600846
600850
600872
600874
600875
600884