000088
603969
000022
000090
000507
000877
600717
300103
002205
000065
002302
300001
000680
000905
601008
600368
600428
000036
600150
600190
000582
000777
002307
600317
002040
002828
601880
600242
600495
600125
200022
600449
600545
600720
601668
600017
600279
000157
601989
601018
000928
600118
601618
600509
600984
000672
600320
601872
002051
000159
600970
600888
600801
600018
000400
601179
601669
300345
900952
000425
600089
601106
300183
600798
000528
600706
600105
601186
900947
000610
600869
600026
603169
600031
000498
601390
000978
601866
601766
002554
603308
300565
601800
603843
600068
600528
300208
601117
601808
002524
600778
600820
300418
002266
000852
600350
900933
600580
600312
600170
200488
600354
600256
000338
600176
600028
002140
000063
600581
000042
601857
600583
600522
000564
601398
603018
600540
300011
600217
000617
300313
300351
000488
300232
600425
601789